9539704476162770
9539367568538545
9539061405025374
9556632077140291
9716404567523189
9118611589264915
9133575477248077
9556465252276675
9556121357815418
9556661852701902
9539810426781658
9556519460044588
9532167668512698
9716342839198499
9532235102693521
9361111954958013
9532822324201108
9532036972604600
9556731634792964
9716305621938737
9539585260765526
9532728954153156
9539840560139785
9539799178933577
9795228618739369
9532749568154455
9556997698337844
9539955875305531
9716926439356711
9556311663785708
9716244245976106
9556724628831740
9556935854228464
9687851107538934
9532367300115146
9556155563959594
9167871460699320
9716056986040631
9601572954381169
9556495320000187